,GlobSig,CER6_p,CER7ab,R_CERCR2_p,CER9_v,CER6_a,L_CERCR2_a,CER9_d,CER9_m,CER7b_m,L_CERCR2_p,CER7b_l,N,CERCR1,CER6_d,CER5,R_CERCR2_a,POsul_d,POsul_v,VMPFcor_p,R_MTgyr_a,L_ANGgyr,L_MTgyr_p,L_MTgyr_a,DMPFC_ar,L_SFsul_a,DMPFcor_ac,PCcor,POsul,L_IPlob,PGACcor,VMPFcor_a,PRC_d,SFgyr_ad,L_IPlob.1,R_ANGgyr,PRC_v,R_MTgyr_p,PRC_d.1,R_MFgyr_a,L_DVIS_v,SPlob,R_VLPFcor,FUSgyr_vl,R_IFsul,FP,R_DVIS_v,L_FP_l,SPlob.1,L_MFgyr_pc,L_VLPFcor,OCCTgyr_l,ACcor_d,L_MFgyr_pr,R_MFgyr_p,R_IPsul,L_IFsul,DVIS_s,FUSgyr_dl,R_SFsul,R_IPlob,R_FP_l,R_PORB,DMPFcor_p,L_IPsul,L_MFgyr_a,DVIS_vl,CAUDNH_NACC,COLsul,LORBgyr,ITgyr,STgyr_a,MORBgyr,PINS_v,TP,HIPP,AMY,PIsul,CERVM,L_MOTnet_dl,MOTnet_am,R_MOTnet_dl,MOTnet_m,MOTnet_ml,MOTnet_vl,MOTnet_l,l_PCsul,CNGsul_p,PUT_p,AINS_pd,CAUDN_d,AINS_v,FEF,PCsul_d,IMsul,STgyr_p,CAUDN_v,PUT_a,HSgyr,PSMcor_p,PSMcor_a,SMgyr,THAL_d,THAL_v,R_PCsul,PINS_d,STgyr_m,PCcor.1,AINS_ad,CAUDN,PVISnet_l,MDVISnet_p,MDVISnet_a,LVISnet_vp,MVISnet_p,MVISnet_av,LVISnet_p,PVISnet_dm,PVISnet_vm,MVISnet_ad,VVISnet_l,LVISnet_DP,VVISnet_m
0,1.0,0.016540761997563408,0.02091683727021779,0.026050797641220008,0.02181487149517719,0.022517721821329523,0.0185853267406229,0.017466167416589153,0.028723536608065564,0.014139641624987199,0.024478158429651866,0.011666149127929024,0.03447243501416818,0.04034954593156323,0.03599674142319813,0.035167535385397755,0.022036971702586314,0.0316767353828025,0.02583704711879934,0.013723633227181686,0.018775286487102808,0.018288619507945504,0.01522785492589156,0.01943940036686303,0.020452851766414277,0.021791183544329705,0.019988881595311196,0.02397852149803055,0.029132507633608824,0.015376561099875345,0.020350059388222964,0.018299279194497597,0.027257804308018954,0.018944892805733197,0.018558273279835343,0.016047945808560185,0.027355795333607436,0.019172224209175564,0.022823852436316048,0.0166084004371402,0.017392143568381084,0.01763974384548827,0.01831689289175991,0.017358077697385663,0.017154992785736737,0.014351664291978513,0.02181866402649852,0.015010741646043376,0.019157462459329422,0.014162410442113374,0.017894538108246864,0.028695960086314164,0.019231546597623356,0.016347388201341333,0.024004131203732085,0.015374865030966006,0.017756222511806342,0.014828938306838745,0.021838453599537434,0.0159827754460402,0.02503036070946627,0.01760448780076734,0.01626348859537278,0.01691279338878697,0.01852002221293487,0.01762780835501256,0.020174167549233804,0.01549646654543146,0.027337373706738027,0.018528006053471224,0.02327705807849028,0.026011899793980883,0.011739447962033678,0.020467975872143836,0.01963819699518301,0.027798260928976297,0.03146385284857439,0.019073196729472542,0.024608881984813757,0.011916306535658856,0.011043561403518675,0.015523851506618646,0.00941804669005799,0.015226110196791005,0.028088187494584686,0.018400755543213708,0.016132955747835635,0.013792941507785088,0.021083646031376392,0.019793194227893163,0.021067326626005557,0.019361677982461682,0.01804235541155613,0.016814455853167643,0.025259794572459273,0.02565228138866592,0.0106467280031462,0.017582742819419832,0.026891699088501912,0.013217273561854587,0.020537603661985177,0.02034771318543801,0.029051961880515592,0.019338235007810425,0.013719854341638658,0.024779410631426628,0.02590916760696691,0.02491894127568852,0.01741724748116007,0.020154198174238008,0.02545392424761796,0.025217304694501112,0.021232724965302825,0.026083989540126293,0.026863685409119303,0.018693210212928503,0.017128959967922717,0.021591935921940086,0.03058852607384066,0.026181686910432177,0.02728525500664567,0.017384428492301304,0.029136452224893222
1,0.016540761997563408,1.0,0.023501955027006458,0.1367009779884713,0.008192960117465014,0.07426431624846833,0.021579563049635105,0.1708273260618104,0.02896898612313039,0.015882929919655828,0.13098070189619135,0.019651299617330323,0.0032290387653934596,0.05603027911228628,0.04076845671554175,0.022000517758504517,0.017462766059411015,0.007217563948938677,-0.0004985229373527081,0.008363726422707045,0.007608612369370757,-0.003227752026496345,-0.011143983118427358,-0.02397461025988523,-0.010843223950660234,-0.013714257082640378,-0.030540161320461903,0.0015773462471332436,0.020523996142869275,-0.027726852186533882,0.0015570188007632184,0.00016132414600567436,0.004961235690901342,-0.014459556875528693,-0.012879371630882555,0.003198335346423998,-0.0025636809476418084,-0.004957708015367511,0.008833955569016099,-0.018823411681220058,0.0011757826398180128,0.01858065220944477,-0.020605702984460957,0.0264035290621796,-0.002573996394691196,0.01812502074780497,-0.0003357827661175268,-0.007335890326530923,0.0017311625820876542,0.02924610978051713,-0.00011776683401298709,0.006503584770629769,-0.00011726792109025106,0.013994269396066749,-0.012248740183177275,-0.017657860676125698,0.0018675783793851409,0.024617191881313276,0.012482757951442717,0.011077073183258236,0.0009804237653923522,0.010580955896547155,-0.00857925924468524,0.006238259594629523,-0.012605405669750245,-0.03613890938387374,-0.009369557652774045,-0.0026635238065331216,0.035070563723412586,0.019566236395441368,-0.006588947181284982,-0.016342529997836988,0.010705774780467785,-0.0055828898056712924,-0.020215158533920495,0.013739805596935672,-0.008053117208521157,0.0050999045608166975,0.028572937981067782,0.0051930262585753156,-0.014568844340564813,0.0030991299561716067,-0.017630117398162632,-0.01777313914175236,-0.022302340311814342,-0.006505459632416182,0.011134529395968387,0.01474725029939669,0.006191165398758289,-0.010358972906461018,-0.006372228276206499,-0.0010566021017190457,0.0021667657081435397,0.009357966663721547,-0.006718464786084647,0.012209444923815281,0.008768622763249103,0.00940077002175507,0.014619175620257134,0.011111757167916871,0.002202035099769698,-0.008013123339650496,0.007319753530943744,0.0006513180056491449,-0.02584665942522222,0.011789490886662549,0.014049432517705546,0.016828037530456884,0.02381037512544148,0.01872779583002586,-0.002610198605484517,-0.0020145393984516455,-0.005625654409631516,-0.0022476242047165633,-0.008683236877446845,0.0001522911311650023,0.03548239317980589,0.007705305290009471,-0.029055117042884018,0.00943932283198902,-0.0013903258470091334,0.009581693338954398,0.007317649080010609
2,0.02091683727021779,0.023501955027006458,1.0,0.008167438207322911,0.02412566906086258,0.04664765192600731,0.050263479297669916,0.010914562741684966,0.07004192605539789,0.085828928816451,-0.018248492328762557,0.14560445638527802,0.06569159345999645,0.0180272524451919,0.028020069446456783,0.002517146376953798,0.034562189568762926,0.012840649854054802,-0.011743056928634503,-0.011816609207333751,-0.001420133091184442,0.010611354430269851,-0.02425385109535554,-0.0038899538117552175,0.005889483163847968,-0.014981543034937036,0.013500613636312858,-0.007364461495128647,-0.01641885460236897,-0.005761834774537717,-0.02978240318993739,0.008804482808585312,0.04041976251903388,0.00786327057656975,-0.0029204381735414902,0.007126595325176931,-0.00013769768850858532,-0.006705358816397455,0.023877640892554126,0.019849927451990556,0.012406833878047613,0.02320150959480722,0.0022448821702609222,0.01839896359950291,-0.020288401323372,0.0057651044943690544,0.010671590967522217,-0.02683171970712816,-0.008261068155448973,0.029211801652199443,0.015605906323974295,0.03547319671099515,-0.022694662406265134,-0.019084809267369343,-0.03147375745194697,0.0027361848871407827,-0.02400079270329112,0.0018302463164717791,0.014088156987530118,-0.021219663616220432,-0.00562985115025952,-0.015727363619523874,-0.011363409297428581,-0.006886379475438981,0.008003219276659023,0.00931735892778274,-0.0036195900945395518,0.038314394656121145,-0.015051658191971799,0.013121426381696874,-0.0017169636256405695,0.014714345852994078,0.0015310999153109366,0.015116127380170733,-0.001295872281860787,0.00013718137372997275,-0.008695817171059817,-0.008865181169049063,0.020017935445254525,-0.005704560330428355,0.004851238964784079,-0.008050695241362017,0.000793372007068042,-0.0012100915141745692,-0.0009830027589384533,-0.002685437686399789,0.027018903826999993,-0.015595008180962048,-0.010666415718546837,0.00603665609201603,0.0197044923564424,-0.014425204051313992,-0.010728626944414784,0.021766955232530742,0.009538857075107052,-0.0013226995587489513,-0.01177493757446451,0.010433594613422165,0.0022546127028376843,0.0018885338880689788,0.0016391420311170153,0.04353482313115355,0.028890855166635435,0.0007474557521772074,-0.02100688492680178,0.01438764140243607,0.01785906195367751,-0.006770473361972675,-0.00013334159724060876,-0.0042238759725498004,0.006981226710595502,0.00787960509790846,-0.0061354806908419865,0.03379098391162365,0.00399967525922449,0.011493254432888622,0.007582221576886462,-0.026080109424057522,0.008013398174156727,-0.009007013886193963,0.00914411027770234,0.001391031501905425,0.012831200288422905
3,0.026050797641220008,0.1367009779884713,0.008167438207322911,1.0,0.005055674901139064,0.06266946172825394,0.02848828398480381,0.04164262286928676,0.04516924488175607,0.11216351596603397,0.1571285810495417,-0.0007644339347536982,0.010196764113272545,0.1165027638801555,0.03853364122762912,-0.021433883048821163,0.1669659451612016,-0.020556525271238277,0.00043407594436229666,-0.029284725948189174,0.006300892285975995,0.029249933904739824,0.037846307919622874,0.01477811989923807,0.010043396885589233,0.02407368434885565,0.0060612570469317254,-0.004032376092170784,0.0024852818085994498,0.025147204462318183,-0.017850442994789252,0.019719717979099043,-0.0015479078287534366,0.021556109960155546,0.020166046639346985,-0.00036774404442342884,-0.006787215650848149,-0.012639061513543652,0.006044246033468328,-0.00465691656488083,0.0017563314502455267,-0.004599965688405721,-0.01009260252415937,-0.015754433417045542,-0.0048024007773207235,0.013946237955861758,-0.028289051512806026,0.0009871129548209606,0.006949975114129283,0.01648912596474946,0.06100441871383887,-0.0007157575246837468,-0.005827784533912909,0.0401325091919906,-0.022669922511988353,-0.009480616694040586,0.025893521716769344,-0.002908687871355507,-0.00253288718493286,-0.03632858034332449,-0.009937956756140072,0.027989083726578098,-0.022200234260841355,0.002801267394391701,0.024092888435987413,0.02054716448146006,0.019638707465729897,-0.017414678724615787,0.003344776114021596,-0.011584588091846208,-0.005302280104950222,0.008679898997569893,0.01975676125389104,-0.007090545605598319,0.01394279193763342,0.007305476266399721,-0.017473118428747342,-0.002340298459128635,-0.0073601219008817345,-0.0066640271345546,0.0007904266024816692,-0.012836614587565836,-0.00775080865613517,0.0020523904824309683,-0.01597252737247612,-0.011106657204256208,-0.0049180853094831604,-0.0005104704681541877,0.02425526553254847,-0.014926430925649312,-0.0023609479990785226,-0.01368316153753257,0.0058116822610318215,0.0029893247747253123,-0.021439055345988084,0.006495462729847893,0.015932799872677254,-0.015382088115983544,0.0007349588939635592,0.0027241030241140496,-0.007681428060561192,-0.004443871297805662,0.02903694459977381,-0.009104632828420386,0.004254599101283536,-0.015854189273644237,-0.001276928219873374,0.006286695467843581,-0.01877635572172368,0.006407679773876806,0.026480499841469267,-0.011661756319102701,-0.003368714509137158,-0.003299700576213026,0.016258262672881964,-0.011800802798273835,-0.001794201507722904,-0.0006030552369464582,0.012349771571037081,-0.0027573467209012132,-0.004949446676364643,-0.004857596234373075,-0.0006331864060001332
4,0.02181487149517719,0.008192960117465014,0.02412566906086258,0.005055674901139064,1.0,-0.020494159401667805,-0.008720662183543003,-0.004521639121524179,0.20352495917387597,-0.0037568295188678824,0.01918210455068603,0.04189039746206369,0.028359027543800305,0.048343204705513274,0.009240757350152545,0.00567497602835243,-0.010487796145795873,0.0028896724187241858,0.03281324063530844,0.0004507676325653442,-0.00416227782521214,-0.009658936177977879,0.0010036369612260875,-0.028883383814039144,-0.015336509705751088,0.02762443101086357,0.008177546703433427,0.014617971448520787,-0.0075570495666494935,-0.030825682928401633,-0.010496625053089887,-0.017933782652306655,0.007291365976452314,0.02998143479877516,0.004873049218072354,-0.03634212959666114,0.00930210313408246,0.002496215040789401,-0.02145500990962218,0.004299779412329643,-0.009601793385350365,0.014593510190084492,-0.021329398357932097,-0.026461091082701838,0.012329855055829566,-0.0037777940966248745,-0.013853029751460497,0.004368344276125294,-0.0015329786144159154,0.0027992586279379193,0.012520658152126732,0.005739488783826395,0.01628942486487444,-0.010882451903679188,-0.020205669229092553,-0.012741683881068028,-0.012526264199703376,0.0045049345599152074,-0.016107781637609807,0.0019811913130834084,0.01151231551706024,0.018673334412047174,-0.012609819242549117,-0.0329360542155477,-0.01370960796383623,0.038819047063756836,-0.005400525038432769,0.01640283888554693,0.01661663414872296,-0.0021970166730228926,-0.007789482263957268,-0.024050811752182807,0.02242226595482035,0.001982685631872366,0.014692371033522224,0.03272788538131555,-0.016901845822804393,-0.028054413746392667,-0.03843736087657712,-0.019944097968311487,-0.000936365144538737,-0.015279726214176776,-0.023783400239338944,-0.007856502464058342,0.01385885499945156,-0.006063109437942185,-0.004132245488552878,-0.011910308911796884,0.010492185376923036,-0.007104275477758035,-0.025024855232515776,0.009983684743697424,0.009803513688370845,-0.0003297124724227138,-0.011184208966337678,0.013143553275108936,0.01852633583835957,-0.015234979949841337,0.003075823999689363,-0.010127383456017266,-0.025489008893273046,-0.007349150960767201,-0.03728743363519753,0.00968911979096646,-0.015095592391156683,0.03304652002975682,-0.00720172477414438,0.0033257752771310048,-0.010308499940969145,0.014401742730877368,-0.0034086033403318344,0.005454096622685629,-0.015743197949376286,0.0216449357753026,0.0004720968824805078,-0.0037742538900979424,0.003394673330092768,-0.0327096420141576,-0.015305379603124857,0.007359657177295895,0.0040439832855038264,-0.011696445498122734,-0.0012934894509734874
5,0.022517721821329523,0.07426431624846833,0.04664765192600731,0.06266946172825394,-0.020494159401667805,1.0,0.08029312983130443,0.02458403608233361,0.002491317444779093,-0.02172035598910145,0.04229102224066231,0.020665309653290095,-0.013509046506284667,0.03698198453528306,0.20401478041066315,0.10384253786158834,0.034231855387494,0.028666084439077234,-0.012069350558625704,-0.022347378047021874,0.0074344387852803995,-0.01871735183872824,-0.012739930912809245,-0.011922351709100682,0.0003557125474726533,0.006151733780231032,-0.013137639317496425,0.008067628878359052,-0.013698733654211167,-0.0020309792411684433,0.007058369640222718,-0.009976216228198807,0.006625022446967117,-0.0064247302563786015,-0.014239551851081712,0.024411631683583727,0.016485371208886185,-0.014732430981977344,0.015441248104604618,0.013460923333190801,0.03307447020164429,0.011933815497960675,0.009166051714156742,0.02281684113559773,0.002842920492244402,0.01752826681706776,0.027314222122481753,-0.02445431686093196,-0.02713654389806107,-0.0008866982583238992,-0.0022824446443531826,0.016825138900474254,0.019871500667733823,-0.008606316310782833,-0.0165331623045148,0.004946030015193557,-0.02434644503069177,0.004441181608333978,-0.01017102996017187,0.02956438990634005,-0.004098191312093715,-0.0001834290246685113,0.023157246561507576,0.0015483090206291628,-0.01216347793705745,0.009842992509246393,0.029453402377671512,0.005502755717495235,0.005700652798044336,0.0076821337370424295,-0.0015660906295311373,0.020151185861928815,-0.04192881929852221,0.005528794089454548,0.015450873113436962,0.0012847337303246806,0.00984456490919855,0.014516468176084617,-0.00296850783761599,7.74666531978916e-05,0.0027574762598580787,-0.006916683471636353,0.0006627747403275539,0.02136368123626447,0.01008375662148219,0.014591401125072885,0.013288736119587136,0.014819220829418302,0.006493427906323319,0.012881916949101757,0.03438236135872983,0.004255030035683479,0.01735100711971379,-0.009247561431302669,0.008712277098210052,-0.008323491137258936,0.0011502917039853825,0.016703235102094892,-0.01491082071589343,0.011690363731826164,0.003986842860220523,-0.013243136051063125,0.027071867185859064,0.004996753748925557,0.005956111388303199,-0.0035787360622668153,-0.00023486303055490271,-0.01204296561340867,-0.0005651236786042375,-0.009400052865821015,-0.0018652629135244687,-0.030835391623476024,-0.02542179876795308,-0.02075300270407438,0.005294969310372869,-0.01284417224129376,-0.014833359435524923,0.009989231435138909,0.02416698633391006,-0.00518585828995595,-0.016060602463692703,0.01091990776800304,-0.007650183682933764
6,0.0185853267406229,0.021579563049635105,0.050263479297669916,0.02848828398480381,-0.008720662183543003,0.08029312983130443,1.0,0.008240687043752599,0.0027964134887197107,0.021470559454689356,0.1404672154786498,0.014610377111524938,0.04548379358691683,0.04867545847677526,-0.008582499607234912,0.015275490347701152,0.1117954138741265,-0.002177328646756992,-7.830012342472913e-05,0.015117842086336306,-0.020558836691249006,-0.033743915506867186,-0.01518615085869345,0.008322122156970382,0.03838545400506231,-0.014369180865551744,0.004112742789794155,-0.0015901597993876202,-0.012487394598115103,-0.012228391232946074,-0.0021418252343610436,-0.009743900078155416,0.0008607676803481139,0.028540262484053648,-0.0036565607099726507,-0.01506167017922488,0.011344365499837375,0.015917973019349323,0.017003882149910953,0.05916724031724415,-0.010808530563020011,-0.0073457128192334145,0.0008198297892695291,-0.009724976537076817,0.011214228993032916,0.014883208625478248,0.033521256023786604,0.033719766706087353,0.0012177522260467407,-0.024658566493340934,-0.024467622379722734,0.058525196060835324,-0.0130692725289248,-0.02064377402699062,0.05988522075415764,0.04803308884572086,-0.01124755421515456,-0.0034350230879492036,-0.011032317153760006,0.027784338781305366,0.04599250106212242,0.012869896806627461,0.042208343782823496,-0.022201900561968614,0.01083102436106713,-0.01298767984724989,-0.029022973316345686,-5.347554433362861e-05,-0.01020900569718904,0.0002302601724813051,-0.015195533185933741,-0.024804760881068286,-0.029622615294274197,-0.009439915248422729,0.005900653832126502,-0.008254964348795982,0.010381003756683403,-0.01667637119013695,-0.00432010527863818,-0.012559986501790622,0.01108855479207715,-0.011968675951097213,-0.03908823056970173,0.012590240520985426,0.009978995549613342,-0.004452408399344539,0.01128023959641471,0.0004406691872420193,0.0016138990237534285,0.006878631792829085,0.012385486274578868,0.009237472392560502,0.010029439252431866,-0.010464727238365274,-0.006978729846072122,-0.014842922513560668,0.028587669872644002,-0.0026485084497074375,-0.022622914528444532,0.008000503142758027,0.011421783460411918,-0.003618623508454567,0.0410855027208189,-0.010886653523945918,-0.02134497393218411,-0.02304656971644159,0.00012185446596070656,-0.0073546550857306586,-0.010598257585263192,-0.0008570241294950476,0.002454090128962745,-0.0023080223443561858,0.015877574778356638,0.018124989746113054,0.0194804288824734,-0.004717693336040706,-0.010000870160846172,-0.010860523719570317,-0.0075120876994227495,-0.023475877021014828,0.004057011896657409,0.0029281916433865672,0.02617605095795169
7,0.017466167416589153,0.1708273260618104,0.010914562741684966,0.04164262286928676,-0.004521639121524179,0.02458403608233361,0.008240687043752599,1.0,0.17259151568519276,0.024576110820454085,0.06419930036813533,0.04573138458123467,-0.024588721469691124,-0.013307610556490579,0.04795738078618873,0.04833217695255627,0.0036017450222799964,0.012843829318151688,0.007648039640171687,0.007257649661967598,0.008922426554222014,-0.025363263881660034,0.0056888841134685305,0.015718963585964217,-0.01638560068491099,0.0035268303652151627,-0.010449819546094584,0.016852480116745637,0.01040467183407171,0.0014720713504647231,-0.009060363823856835,0.007237805502413116,-0.0007666029335538498,0.00767637659045972,0.001959616625862163,-0.002210004415746105,0.013497146767396526,9.411682429097271e-05,-0.011369388369918739,-0.020735572395335453,0.015816079450007528,-0.012654470301609728,0.004413717614683241,0.01092455180276309,0.0025700232598781323,-0.014978857131778031,0.0038580816833651867,-0.0215139366784087,-0.006628333477370917,0.0008612628315561336,-0.015039741287438966,-0.006488807594882758,0.02793790484891201,0.0024491279261664852,0.0034258263255667817,0.021771646897679037,0.0058072190232671995,-0.006724122542455169,-0.012461175050156936,0.004065618492411705,-0.003809719420217723,-0.023428863591693556,-0.009544284694980264,0.007713605291894775,-0.010803185397681393,-0.019394199645715024,-0.017527023499889844,-0.003969633010014555,0.0058548608039889465,0.013589780700080474,0.01610084903859311,-0.001678500341501311,-0.008925324243829006,-0.011381539726083169,0.009366558488315368,0.015770365298891795,0.014927639290045112,0.0009371247038727571,0.0044241578093205626,0.007317251349739432,-0.014115312097285601,0.0002673482812125057,-0.004868024887816576,0.019879558329158678,-0.00862971096351192,0.009072081190127843,-0.014331025691338312,0.0055424290874335185,0.01567785921188959,0.017047133424866467,0.012948922316643088,-0.0017225490079675284,0.0021197065535807627,-0.015850440822605883,0.006661298604822623,0.00977149666422718,0.010873941951476233,0.02115772024720977,-0.004713350372592539,0.01931825484682559,-0.004877895036067817,0.0006500881961947056,-0.006663169053807079,0.001999504732067727,-0.0072196603849128405,-0.014957188235379887,0.009319258496326829,0.005479339971674842,0.019346340228967925,-0.0021795697654188022,-0.00044975711344044753,-0.007296770664732351,-0.009188673738269718,-0.011369398724243997,0.008403048028828993,0.013620715555186272,-0.03394534013601286,0.01613220736091591,0.04594983696922225,-0.004194846947514895,0.0023114306518088783,-0.001322439238004916,-0.012107992495821455
8,0.028723536608065564,0.02896898612313039,0.07004192605539789,0.04516924488175607,0.20352495917387597,0.002491317444779093,0.0027964134887197107,0.17259151568519276,1.0,0.014985555759192441,0.04466212003900068,0.01858659244525343,0.009546466504027793,0.03271805006907178,0.020021174117725755,0.037463617781534675,0.048730421029573784,0.0031176059887916873,0.013316956290101935,0.008851756062443383,-0.0017003010116930593,-0.012472608354276476,-0.02521986655700525,0.015762076366322736,0.009751550596300756,0.01108229755400841,0.0063044145059527636,-0.008255905777634048,0.019490855313499304,0.020688190832039356,0.026550759097362157,0.018869153735508643,0.01334021715265939,-0.0028875898131825815,-0.011046352368716584,-0.0032208630361030767,0.02491670593185591,-0.03328254967368478,0.02387829702896129,0.005457319283839998,0.01629704390500057,-0.006398896883562285,0.004359324020914429,-0.004299929350055623,0.008468396648175738,-0.010249143712154862,0.015889582281958928,-0.020754830172875112,0.0031296345296083425,0.001995774421697434,-0.019281844939389385,0.0028955070562876124,-0.00762607927027157,-0.009123000679757153,-0.0028494351752534966,0.0163180966206009,0.0017517562657008235,-0.02459009581763045,-0.012491797505170085,0.006024597380509521,0.01123723362426987,0.008205651428435667,-0.022015256091660367,-0.006744730092042916,0.003727438394742882,-0.01696089508741103,0.023534959578399815,-0.021022513583038395,0.03702571643259875,0.022025228233509574,0.017224515482266178,0.007014019072288942,-0.0011936753366166598,0.005590917591485009,0.012646734107624876,-0.020541312081013716,0.0419848853094254,0.008707258863392242,0.03495314535599901,0.01257729372798172,-0.0076235621705211835,-0.009491121987539094,-0.012385796607825676,-0.011803360091315525,-0.008224928069091808,-0.009379164391964106,-0.0005851215913083058,0.020854578441162328,-0.028019619527688406,0.008878617686345042,-0.01993735702218751,0.02244097321669971,-0.005699336606249867,-0.002547684837292498,0.022621791083279587,-0.006789251554864225,0.016322235296563223,-0.016869217194624364,0.008106909375375913,-0.012269182012290339,-0.0027523352454940416,-0.005840654825199372,3.757607451734032e-05,0.02044599518253129,0.006219828227482892,-0.0009693484060697441,-9.535024886604595e-05,-0.010737549793828318,-0.04175597607534533,0.009527736643224177,-0.012850253600430427,-0.03392860159669504,-0.01575395988969424,-0.008890720276669088,-0.012468392582458663,0.0010239821486324728,0.00035881099068175125,-0.02579282520477326,0.01005643087248144,-0.02992677595397276,-0.02264322528683784,0.0041135843965943095,-0.008897767225050444
9,0.014139641624987199,0.015882929919655828,0.085828928816451,0.11216351596603397,-0.0037568295188678824,-0.02172035598910145,0.021470559454689356,0.024576110820454085,0.014985555759192441,1.0,0.0800241516029739,0.1220426200188903,0.02117716845021118,0.05918130257423296,0.011950180026858121,0.020706693805227137,0.10607276418342974,-0.017161615071447513,0.024190526462781328,0.012844588933743177,0.006206026529378088,-0.0008919804429404977,0.0017035691489935122,0.00576895954268965,-0.02158564300337832,-0.0011358731700362164,-0.0030897861910755406,-0.01235870186032098,-0.0025833935882482837,0.008670796252847359,-0.011890488274453884,-0.002558640530627312,-0.0117567042500174,-0.009754504738133185,-0.010287021809149024,-0.005443471416994673,-0.018089999474221463,0.021980474994889032,-0.0020507254352810462,-0.01874008320073469,-0.012529726261200426,-0.00382403404646276,0.012257869961746262,0.04174677397546331,0.006992777871780431,0.0033318466084077754,-0.01735001603391373,-0.005434589487431764,0.022694677419387466,0.006793507495897745,0.006378383658030776,0.03137876400898157,0.02035999410252305,0.016408419198610254,0.0020606752253013484,0.005385802311573728,0.012715427758081266,-0.007724212730383928,0.012110237705549153,0.004256636061192292,-0.008420785194163057,0.015031331421848374,0.009795740641985774,0.019873585058721527,-0.0010917718991980809,-0.003859318158111547,0.026280212101085762,0.005668741142302991,-0.00848284498332229,0.0031081921251324804,0.017708679261455314,-0.00398334565687244,-0.009683179107035578,-0.023007243321305285,0.012323499527252207,-0.03368518857275986,-0.015684945642783214,0.0039729406970355026,0.006293320399690959,-5.161235029032575e-05,0.0032622943305842204,-0.014281610500846642,-0.003186414331577887,-0.008340146120778772,0.006107247027991635,-0.007636860621482687,0.015772824570409356,0.006570904971520838,0.00800325482056187,-0.03357063109124023,-0.017043109610589968,0.0010435773187793822,0.010134464929728351,-0.004616411033149573,-0.002043198008807231,-0.003714083390213838,-0.03997963490068319,0.0008339950398148302,-0.012241237189511362,0.007021677280281772,0.009765715051480994,0.017753178600425114,0.0013387569341579237,-0.012184942813139678,-0.0144656123657165,0.003611692266543062,0.007699796453274545,0.004493560968252933,0.008494481633363759,0.0022892008554912992,-0.02610109896842463,-0.012375817779072738,-0.017430927551388344,0.019786827645070164,-0.00018548322181867775,-0.015885945163408518,0.0009743470561480306,-0.007230441433912759,-0.00641197475399649,-0.023948160552668272,0.0018877702860997997,-0.006719886237703324,-0.0027919162756932393
10,0.024478158429651866,0.13098070189619135,-0.018248492328762557,0.1571285810495417,0.01918210455068603,0.04229102224066231,0.1404672154786498,0.06419930036813533,0.04466212003900068,0.0800241516029739,1.0,-0.004935914475835717,0.03144019183719375,0.11115800974544987,-0.0006160681015177987,0.008476555375174673,0.032505151258318876,-0.023694254570826988,-0.014191419663419597,-0.0358037920171696,0.038860767850330546,-0.013216796018693164,0.02048723184401601,0.020686195661170848,0.0076207641683184914,-0.016981845348016444,0.010833837581395583,0.005743734696120362,-0.008500956833406438,-0.0009146734113953736,-0.01740621322207189,0.016766742741371035,-0.0037681305452165726,0.01851506787885381,-0.03420829672621417,0.035059081839508774,0.022941451751612798,0.04710250232764318,-0.007689995985871792,0.009554749577694104,-0.030199190657146685,0.02133904799967703,0.04491434756860725,0.005998868054376087,0.02418115056770622,0.005411016559601097,-0.01645094664495045,0.06674375763822132,0.010494485056050776,-0.011808668209801077,-0.005207724846833697,0.001079103103731664,-0.04216817313159109,-0.00483090748079105,0.028968597869579123,-0.011101126818038057,0.0047486559856678885,0.006360848611095305,0.0152190212884906,0.02008693835838804,0.045561717645928104,-0.010606466438571736,0.033144666277009426,0.0037417296057456325,-0.0254683063765953,-0.0057627671187866925,-0.009410944268931087,0.016974094732013476,0.010009205105665966,-0.00041371923622234106,-0.008154646024141251,0.022620192456938356,-0.0031732317647452887,0.005727696498525717,0.009915975631259913,0.004116347817907447,-0.004163274811675765,0.01201545884968053,0.020302614840284644,-0.03102338502174265,-0.011777555837090633,0.01484475280366074,-0.014059071997781468,0.012204681735096624,-0.0013275413431375822,-0.010327970264530027,-0.020576579766318465,-0.018566855561401818,-0.0025758012185630045,-0.02483912356498623,0.01849245800331226,-0.021793171697502438,-0.007360679650844032,-0.017832115532260627,-0.01592941275348653,-0.020612787217936877,0.011100978589497074,-0.006524585706371869,-0.022351247852831053,-0.01179936971975862,-0.00031478955018567344,0.0015495614067916014,0.03292101087842236,0.00016839587190987107,0.00214280677066852,-0.013912775234525363,-0.01206426235499133,-0.006328616855987284,0.03097149377225796,0.02023826321619525,0.0019240324661702571,-0.017253310112900218,-0.005243055982958721,0.01856242328064922,-0.005531504497411642,0.013398814707044208,-0.00178349254228165,0.018506336321409078,-0.00042102982366329085,-0.0238406777769217,-0.007810607795592038,-0.008002449258904344,-0.0028989749770160006
11,0.011666149127929024,0.019651299617330323,0.14560445638527802,-0.0007644339347536982,0.04189039746206369,0.020665309653290095,0.014610377111524938,0.04573138458123467,0.01858659244525343,0.1220426200188903,-0.004935914475835717,1.0,0.013691532294593226,-5.404250380535732e-05,0.016529850091788673,-0.00395258292362037,0.02672947096653753,-0.003329002858395451,-0.0011827479535938036,-0.002720713146703242,-0.020476260673072746,-0.015138486504239537,0.00730725124620322,-0.014569257692111533,-0.0013548840754351425,-0.010142003574664757,0.009929891056754455,-0.020824426960351118,0.023587290638017455,-0.007202268788362541,0.006608483461800088,-0.01310927274776625,-0.0031996825212621764,-0.00026441956089541096,-0.008213963064904094,0.006776565983685052,0.014691887285549399,0.03759230989141407,0.00047976815284031765,-0.005848786641903693,0.002356685477085655,-0.0002714057170372196,0.013902669969971668,0.011147656759507945,-0.011868995028325004,-0.004835169348145726,-0.011197117957623372,0.005263204620960487,0.006480749800693903,-0.00468807138561398,-0.004786658262967816,-0.0006613096886847966,-0.017589014254073214,-0.0024090406026990255,0.014580887363292721,0.02442717379458096,-0.003631999460322543,0.004229539434111009,0.015658686738101318,-0.008564060356512845,-0.0027246286004267003,-0.000782348475793919,0.0003970701602458716,-0.0036834826075862995,-0.003542091775038304,-0.011809521259413445,-0.008021675847539617,0.017618304111237305,0.005566862368964437,-0.009190924633504866,-0.021932068273307594,-0.0028266825019819678,0.0035375591959112343,-0.005305751244563936,0.020188658444080423,-0.02361487811364935,0.035077450394435106,0.009389088456247249,-0.010484839468223608,0.014596521542024052,0.014921213860988644,0.0019802959674893946,0.006934439792467482,-0.007454908183627831,0.00990413102122038,-0.004192806709984507,0.02508988674757291,-0.008721368676662296,-0.01796819576324147,0.020951712865008222,-0.011937651382501541,-0.0033626076309765875,0.008095150292229018,-0.0008273385897374245,-0.004112554825487112,-0.013673470377998556,-0.003658778797516281,5.936029317673979e-05,0.005755562795491309,0.01833893583471493,-0.012079423077431935,0.014215082519416292,0.018879058247051602,-0.001155762198664357,0.009670821025096707,0.004932026642141667,0.01735001153473147,0.019261831146755184,-0.014858431696842237,-0.02341067821097995,0.0008258203728982428,0.0003920153918789762,0.012477275463855898,0.0026845552345407054,-0.019631616111546,0.00198405218583657,0.01770885137049424,-0.0005646958540635159,0.011530537315967652,-0.010229583234991967,-0.01915450813071102,-0.0017960483000710602,0.004151035224646393
12,0.03447243501416818,0.0032290387653934596,0.06569159345999645,0.010196764113272545,0.028359027543800305,-0.013509046506284667,0.04548379358691683,-0.024588721469691124,0.009546466504027793,0.02117716845021118,0.03144019183719375,0.013691532294593226,1.0,0.16850295879281846,0.023751849078204313,-0.018339885927965052,0.03757425607396849,0.014617448080178227,0.042323639351086545,0.01938147968479611,0.012359736661404976,-0.0008236645977420733,0.010463609861668475,0.016943886639111463,-0.006150436181072313,-0.02022443577019012,-0.004531006723194451,-0.0002691593227472062,-0.0037505647379432513,0.005884372828266461,-0.021242474219829166,0.02644714628902821,0.09099588800718672,-0.001088335124101383,-0.019138260483841305,-0.016467623360828902,-0.017616544866534647,-0.009904323703622212,0.007939706776922597,0.0044367366315485185,-0.02461285146247371,0.011602592305811336,0.018875888976369923,-0.0008109753119333334,-0.0081273361642064,-0.002649886453920749,0.014225458508447638,0.014492943094106455,0.04665271341114871,-0.01882157123130243,-0.008575414251225483,0.07860336341888369,0.020602953364024672,-0.005481397132327514,0.0011281353592181931,0.00017194704785757466,-0.015033712201874482,-0.00799904944872398,-0.0291713609125018,-0.014561271733743195,-0.008550134429885087,-0.0009231704975598404,-0.006627313243018478,0.0025459895296986983,0.0052206059254832375,-0.028013873810081243,-0.018469597404817788,0.021186700267319482,-0.04457920107873173,-0.006102077100832598,-0.018929254273516424,-0.023772821457884258,-0.0031757258768163417,-0.009540348643767717,0.018490733742862954,0.016245831118849963,0.007492380169586544,-0.018480593452919827,0.007823996496946204,-0.0049879416620513,-0.0037634893366543087,0.005865552608676445,-0.01233726902397066,0.02116163419350786,0.002412963132062043,-0.012106365190860998,-0.02402110490872699,0.016178437588957588,-0.018059125360612827,-0.013746192515555545,0.022376229505330966,-0.011062396893411349,0.013533979327019286,0.017989900538546075,-0.0003369122311585272,-0.007407950030798856,-0.000904154620475812,-0.004364724962712201,0.002774213319599839,-0.0003496453856924376,0.008384913921425135,-0.014355221044311972,-0.007921823053394787,-0.014812846607400086,-0.010262986258267687,0.009304764368075123,0.035868136292006844,0.025544829060273395,-0.006228029121814446,-0.014106767146834918,0.04912043975287935,0.00924228237479118,0.003100976601780052,0.07754274444895684,0.031608935710929334,-0.024808276476681337,-0.026034827475718107,0.01667165446111761,0.14933639962614143,0.010292807820516024,0.028760026033932046,-0.016870747161574398,0.03335303782970536
13,0.04034954593156323,0.05603027911228628,0.0180272524451919,0.1165027638801555,0.048343204705513274,0.03698198453528306,0.04867545847677526,-0.013307610556490579,0.03271805006907178,0.05918130257423296,0.11115800974544987,-5.404250380535732e-05,0.16850295879281846,1.0,0.11564936877845872,-0.009647315906741349,0.09893819035047542,0.003675152414040463,0.012164744394438801,0.006895233995124837,-0.0034115560579895867,-0.0013745159336401268,0.009632025247226214,-0.0014337229075945881,0.007824440983846267,0.004899939675288775,0.0003835621467918179,-0.025100475426988088,-0.005431266349861257,0.00027207392735544326,-0.0060321746458658725,-0.0007862434405744335,0.06767735117006578,-0.012734836634742765,-0.0037740805573984737,-0.015328157632144557,-0.01072246097426525,-0.003636448006135443,0.0010438231422006206,0.013868693720561842,-0.022250197593922747,0.0007754251183833538,0.008370443112988193,0.01936287432472246,-0.004736255868293767,0.04067350734063582,0.012261549025435895,0.028573977863037482,0.04588143510951935,0.003937014246649408,0.0051793632839070404,0.04489013714630355,0.010206390055364545,0.009376048199308092,0.0016300292836331203,-0.009140125005527295,-0.002859237438196897,-0.0023442252093685036,0.002097565299795318,-0.000646525520964649,0.0013178286702463689,0.014088186457124473,0.006205074139740424,-0.02020592086825495,-0.0035216429564543343,0.023369737723911585,0.0015536902587186161,-0.010802267720634955,-0.021748985526975052,0.00912002393681462,0.01103748587612078,-0.00030846886724996444,-0.013271378961121225,-8.358852454644534e-05,0.015544151543018435,0.03402166386476499,0.010680239494283608,-0.015479285868818807,0.006861388214427139,-0.007939718382607378,-0.0008003127990966208,-0.02090200536218948,-0.0326208785801897,0.00692905291322231,-0.0171001217339195,0.009150134297827846,-0.02305852910589285,-0.002778006601941821,-0.01790472556495259,0.014514329481132496,0.015097860192749665,0.005892803800535117,-0.013263269102962346,0.0009416254691669678,-0.019884913523599217,0.005363791131700718,0.006614399046909646,0.007580725423371386,-0.021914352103628645,-0.00806772928194855,0.031015969439478114,0.001841409649342172,0.010002386849322684,0.004497274642158616,-0.006148085712222824,0.004070140872226827,-0.0023310985889572512,0.004825758290114831,0.009971113233625817,-0.012185270125863904,0.018615220454112964,0.02199123809923815,-0.004541440132339472,0.07002828471506767,-0.015597908815252002,-0.0069377938203190066,-0.0012825130253132089,0.009033943272404362,0.007895390244557196,-0.02077956284376485,0.008335273745370627,0.00428374717411395,0.03413534588412352
