,CER6_p,CER7ab,R_CERCR2_p,CER9_v,CER6_a,L_CERCR2_a,CER9_d,CER9_m,CER7b_m,L_CERCR2_p,CER7b_l,N,CERCR1,CER6_d,CER5,R_CERCR2_a,POsul_d,POsul_v,VMPFcor_p,R_MTgyr_a,L_ANGgyr,L_MTgyr_p,L_MTgyr_a,DMPFC_ar,L_SFsul_a,DMPFcor_ac,PCcor,POsul,L_IPlob,PGACcor,VMPFcor_a,PRC_d,SFgyr_ad,L_IPlob.1,R_ANGgyr,PRC_v,R_MTgyr_p,PRC_d.1,R_MFgyr_a,L_DVIS_v,SPlob,R_VLPFcor,FUSgyr_vl,R_IFsul,FP,R_DVIS_v,L_FP_l,SPlob.1,L_MFgyr_pc,L_VLPFcor,OCCTgyr_l,ACcor_d,L_MFgyr_pr,R_MFgyr_p,R_IPsul,L_IFsul,DVIS_s,FUSgyr_dl,R_SFsul,R_IPlob,R_FP_l,R_PORB,DMPFcor_p,L_IPsul,L_MFgyr_a,DVIS_vl,CAUDNH_NACC,COLsul,LORBgyr,ITgyr,STgyr_a,MORBgyr,PINS_v,TP,HIPP,AMY,PIsul,CERVM,L_MOTnet_dl,MOTnet_am,R_MOTnet_dl,MOTnet_m,MOTnet_ml,MOTnet_vl,MOTnet_l,l_PCsul,CNGsul_p,PUT_p,AINS_pd,CAUDN_d,AINS_v,FEF,PCsul_d,IMsul,STgyr_p,CAUDN_v,PUT_a,HSgyr,PSMcor_p,PSMcor_a,SMgyr,THAL_d,THAL_v,R_PCsul,PINS_d,STgyr_m,PCcor.1,AINS_ad,CAUDN,PVISnet_l,MDVISnet_p,MDVISnet_a,LVISnet_vp,MVISnet_p,MVISnet_av,LVISnet_p,PVISnet_dm,PVISnet_vm,MVISnet_ad,VVISnet_l,LVISnet_DP,VVISnet_m
1,1.0,0.0235019550270064,0.1367009779884713,0.008192960117465,0.0742643162484683,0.0215795630496351,0.1708273260618104,0.0289689861231303,0.0158829299196558,0.1309807018961913,0.0196512996173303,0.0032290387653934,0.0560302791122862,0.0407684567155417,0.0220005177585045,0.017462766059411,0.0072175639489386,-0.0004985229373527,0.008363726422707,0.0076086123693707,-0.0032277520264963,-0.0111439831184273,-0.0239746102598852,-0.0108432239506602,-0.0137142570826403,-0.0305401613204619,0.0015773462471332,0.0205239961428692,-0.0277268521865338,0.0015570188007632,0.0001613241460056,0.0049612356909013,-0.0144595568755286,-0.0128793716308825,0.0031983353464239,-0.0025636809476418,-0.0049577080153675,0.008833955569016,-0.01882341168122,0.001175782639818,0.0185806522094447,-0.0206057029844609,0.0264035290621796,-0.0025739963946911,0.0181250207478049,-0.0003357827661175,-0.0073358903265309,0.0017311625820876,0.0292461097805171,-0.0001177668340129,0.0065035847706297,-0.0001172679210902,0.0139942693960667,-0.0122487401831772,-0.0176578606761256,0.0018675783793851,0.0246171918813132,0.0124827579514427,0.0110770731832582,0.0009804237653923,0.0105809558965471,-0.0085792592446852,0.0062382595946295,-0.0126054056697502,-0.0361389093838737,-0.009369557652774,-0.0026635238065331,0.0350705637234125,0.0195662363954413,-0.0065889471812849,-0.0163425299978369,0.0107057747804677,-0.0055828898056712,-0.0202151585339204,0.0137398055969356,-0.0080531172085211,0.0050999045608166,0.0285729379810677,0.0051930262585753,-0.0145688443405648,0.0030991299561716,-0.0176301173981626,-0.0177731391417523,-0.0223023403118143,-0.0065054596324161,0.0111345293959683,0.0147472502993966,0.0061911653987582,-0.010358972906461,-0.0063722282762064,-0.001056602101719,0.0021667657081435,0.0093579666637215,-0.0067184647860846,0.0122094449238152,0.0087686227632491,0.009400770021755,0.0146191756202571,0.0111117571679168,0.0022020350997696,-0.0080131233396504,0.0073197535309437,0.0006513180056491,-0.0258466594252222,0.0117894908866625,0.0140494325177055,0.0168280375304568,0.0238103751254414,0.0187277958300258,-0.0026101986054845,-0.0020145393984516,-0.0056256544096315,-0.0022476242047165,-0.0086832368774468,0.000152291131165,0.0354823931798058,0.0077053052900094,-0.029055117042884,0.009439322831989,-0.0013903258470091,0.0095816933389543,0.0073176490800106
2,0.0235019550270064,1.0,0.0081674382073229,0.0241256690608625,0.0466476519260073,0.0502634792976699,0.0109145627416849,0.0700419260553978,0.085828928816451,-0.0182484923287625,0.145604456385278,0.0656915934599964,0.0180272524451919,0.0280200694464567,0.0025171463769537,0.0345621895687629,0.0128406498540548,-0.0117430569286345,-0.0118166092073337,-0.0014201330911844,0.0106113544302698,-0.0242538510953555,-0.0038899538117552,0.0058894831638479,-0.014981543034937,0.0135006136363128,-0.0073644614951286,-0.0164188546023689,-0.0057618347745377,-0.0297824031899373,0.0088044828085853,0.0404197625190338,0.0078632705765697,-0.0029204381735414,0.0071265953251769,-0.0001376976885085,-0.0067053588163974,0.0238776408925541,0.0198499274519905,0.0124068338780476,0.0232015095948072,0.0022448821702609,0.0183989635995029,-0.020288401323372,0.005765104494369,0.0106715909675222,-0.0268317197071281,-0.0082610681554489,0.0292118016521994,0.0156059063239742,0.0354731967109951,-0.0226946624062651,-0.0190848092673693,-0.0314737574519469,0.0027361848871407,-0.0240007927032911,0.0018302463164717,0.0140881569875301,-0.0212196636162204,-0.0056298511502595,-0.0157273636195238,-0.0113634092974285,-0.0068863794754389,0.008003219276659,0.0093173589277827,-0.0036195900945395,0.0383143946561211,-0.0150516581919717,0.0131214263816968,-0.0017169636256405,0.014714345852994,0.0015310999153109,0.0151161273801707,-0.0012958722818607,0.0001371813737299,-0.0086958171710598,-0.008865181169049,0.0200179354452545,-0.0057045603304283,0.004851238964784,-0.008050695241362,0.000793372007068,-0.0012100915141745,-0.0009830027589384,-0.0026854376863997,0.0270189038269999,-0.015595008180962,-0.0106664157185468,0.006036656092016,0.0197044923564424,-0.0144252040513139,-0.0107286269444147,0.0217669552325307,0.009538857075107,-0.0013226995587489,-0.0117749375744645,0.0104335946134221,0.0022546127028376,0.0018885338880689,0.001639142031117,0.0435348231311535,0.0288908551666354,0.0007474557521772,-0.0210068849268017,0.014387641402436,0.0178590619536775,-0.0067704733619726,-0.0001333415972406,-0.0042238759725498,0.0069812267105955,0.0078796050979084,-0.0061354806908419,0.0337909839116236,0.0039996752592244,0.0114932544328886,0.0075822215768864,-0.0260801094240575,0.0080133981741567,-0.0090070138861939,0.0091441102777023,0.0013910315019054,0.0128312002884229
3,0.1367009779884713,0.0081674382073229,1.0,0.005055674901139,0.0626694617282539,0.0284882839848038,0.0416426228692867,0.045169244881756,0.1121635159660339,0.1571285810495417,-0.0007644339347536,0.0101967641132725,0.1165027638801555,0.0385336412276291,-0.0214338830488211,0.1669659451612016,-0.0205565252712382,0.0004340759443622,-0.0292847259481891,0.0063008922859759,0.0292499339047398,0.0378463079196228,0.014778119899238,0.0100433968855892,0.0240736843488556,0.0060612570469317,-0.0040323760921707,0.0024852818085994,0.0251472044623181,-0.0178504429947892,0.019719717979099,-0.0015479078287534,0.0215561099601555,0.0201660466393469,-0.0003677440444234,-0.0067872156508481,-0.0126390615135436,0.0060442460334683,-0.0046569165648808,0.0017563314502455,-0.0045999656884057,-0.0100926025241593,-0.0157544334170455,-0.0048024007773207,0.0139462379558617,-0.028289051512806,0.0009871129548209,0.0069499751141292,0.0164891259647494,0.0610044187138388,-0.0007157575246837,-0.0058277845339129,0.0401325091919906,-0.0226699225119883,-0.0094806166940405,0.0258935217167693,-0.0029086878713555,-0.0025328871849328,-0.0363285803433244,-0.00993795675614,0.027989083726578,-0.0222002342608413,0.0028012673943917,0.0240928884359874,0.02054716448146,0.0196387074657298,-0.0174146787246157,0.0033447761140215,-0.0115845880918462,-0.0053022801049502,0.0086798989975698,0.019756761253891,-0.0070905456055983,0.0139427919376334,0.0073054762663997,-0.0174731184287473,-0.0023402984591286,-0.0073601219008817,-0.0066640271345546,0.0007904266024816,-0.0128366145875658,-0.0077508086561351,0.0020523904824309,-0.0159725273724761,-0.0111066572042562,-0.0049180853094831,-0.0005104704681541,0.0242552655325484,-0.0149264309256493,-0.0023609479990785,-0.0136831615375325,0.0058116822610318,0.0029893247747253,-0.021439055345988,0.0064954627298478,0.0159327998726772,-0.0153820881159835,0.0007349588939635,0.002724103024114,-0.0076814280605611,-0.0044438712978056,0.0290369445997738,-0.0091046328284203,0.0042545991012835,-0.0158541892736442,-0.0012769282198733,0.0062866954678435,-0.0187763557217236,0.0064076797738768,0.0264804998414692,-0.0116617563191027,-0.0033687145091371,-0.003299700576213,0.0162582626728819,-0.0118008027982738,-0.0017942015077229,-0.0006030552369464,0.012349771571037,-0.0027573467209012,-0.0049494466763646,-0.004857596234373,-0.0006331864060001
4,0.008192960117465,0.0241256690608625,0.005055674901139,1.0,-0.0204941594016678,-0.008720662183543,-0.0045216391215241,0.2035249591738759,-0.0037568295188678,0.019182104550686,0.0418903974620636,0.0283590275438003,0.0483432047055132,0.0092407573501525,0.0056749760283524,-0.0104877961457958,0.0028896724187241,0.0328132406353084,0.0004507676325653,-0.0041622778252121,-0.0096589361779778,0.001003636961226,-0.0288833838140391,-0.015336509705751,0.0276244310108635,0.0081775467034334,0.0146179714485207,-0.0075570495666494,-0.0308256829284016,-0.0104966250530898,-0.0179337826523066,0.0072913659764523,0.0299814347987751,0.0048730492180723,-0.0363421295966611,0.0093021031340824,0.0024962150407894,-0.0214550099096221,0.0042997794123296,-0.0096017933853503,0.0145935101900844,-0.021329398357932,-0.0264610910827018,0.0123298550558295,-0.0037777940966248,-0.0138530297514604,0.0043683442761252,-0.0015329786144159,0.0027992586279379,0.0125206581521267,0.0057394887838263,0.0162894248648744,-0.0108824519036791,-0.0202056692290925,-0.012741683881068,-0.0125262641997033,0.0045049345599152,-0.0161077816376098,0.0019811913130834,0.0115123155170602,0.0186733344120471,-0.0126098192425491,-0.0329360542155477,-0.0137096079638362,0.0388190470637568,-0.0054005250384327,0.0164028388855469,0.0166166341487229,-0.0021970166730228,-0.0077894822639572,-0.0240508117521828,0.0224222659548203,0.0019826856318723,0.0146923710335222,0.0327278853813155,-0.0169018458228043,-0.0280544137463926,-0.0384373608765771,-0.0199440979683114,-0.0009363651445387,-0.0152797262141767,-0.0237834002393389,-0.0078565024640583,0.0138588549994515,-0.0060631094379421,-0.0041322454885528,-0.0119103089117968,0.010492185376923,-0.007104275477758,-0.0250248552325157,0.0099836847436974,0.0098035136883708,-0.0003297124724227,-0.0111842089663376,0.0131435532751089,0.0185263358383595,-0.0152349799498413,0.0030758239996893,-0.0101273834560172,-0.025489008893273,-0.0073491509607672,-0.0372874336351975,0.0096891197909664,-0.0150955923911566,0.0330465200297568,-0.0072017247741443,0.003325775277131,-0.0103084999409691,0.0144017427308773,-0.0034086033403318,0.0054540966226856,-0.0157431979493762,0.0216449357753026,0.0004720968824805,-0.0037742538900979,0.0033946733300927,-0.0327096420141576,-0.0153053796031248,0.0073596571772958,0.0040439832855038,-0.0116964454981227,-0.0012934894509734
5,0.0742643162484683,0.0466476519260073,0.0626694617282539,-0.0204941594016678,1.0,0.0802931298313044,0.0245840360823336,0.002491317444779,-0.0217203559891014,0.0422910222406623,0.02066530965329,-0.0135090465062846,0.036981984535283,0.2040147804106631,0.1038425378615883,0.034231855387494,0.0286660844390772,-0.0120693505586257,-0.0223473780470218,0.0074344387852803,-0.0187173518387282,-0.0127399309128092,-0.0119223517091006,0.0003557125474726,0.006151733780231,-0.0131376393174964,0.008067628878359,-0.0136987336542111,-0.0020309792411684,0.0070583696402227,-0.0099762162281988,0.0066250224469671,-0.0064247302563786,-0.0142395518510817,0.0244116316835837,0.0164853712088861,-0.0147324309819773,0.0154412481046046,0.0134609233331908,0.0330744702016442,0.0119338154979606,0.0091660517141567,0.0228168411355977,0.0028429204922444,0.0175282668170677,0.0273142221224817,-0.0244543168609319,-0.027136543898061,-0.0008866982583238,-0.0022824446443531,0.0168251389004742,0.0198715006677338,-0.0086063163107828,-0.0165331623045148,0.0049460300151935,-0.0243464450306917,0.0044411816083339,-0.0101710299601718,0.02956438990634,-0.0040981913120937,-0.0001834290246685,0.0231572465615075,0.0015483090206291,-0.0121634779370574,0.0098429925092463,0.0294534023776715,0.0055027557174952,0.0057006527980443,0.0076821337370424,-0.0015660906295311,0.0201511858619288,-0.0419288192985222,0.0055287940894545,0.0154508731134369,0.0012847337303246,0.0098445649091985,0.0145164681760846,-0.0029685078376159,7.74666531978916e-05,0.002757476259858,-0.0069166834716363,0.0006627747403275,0.0213636812362644,0.0100837566214821,0.0145914011250728,0.0132887361195871,0.0148192208294183,0.0064934279063233,0.0128819169491017,0.0343823613587298,0.0042550300356834,0.0173510071197137,-0.0092475614313026,0.00871227709821,-0.0083234911372589,0.0011502917039853,0.0167032351020948,-0.0149108207158934,0.0116903637318261,0.0039868428602205,-0.0132431360510631,0.027071867185859,0.0049967537489255,0.0059561113883031,-0.0035787360622668,-0.0002348630305549,-0.0120429656134086,-0.0005651236786042,-0.009400052865821,-0.0018652629135244,-0.030835391623476,-0.025421798767953,-0.0207530027040743,0.0052949693103728,-0.0128441722412937,-0.0148333594355249,0.0099892314351389,0.02416698633391,-0.0051858582899559,-0.0160606024636927,0.010919907768003,-0.0076501836829337
6,0.0215795630496351,0.0502634792976699,0.0284882839848038,-0.008720662183543,0.0802931298313044,1.0,0.0082406870437525,0.0027964134887197,0.0214705594546893,0.1404672154786498,0.0146103771115249,0.0454837935869168,0.0486754584767752,-0.0085824996072349,0.0152754903477011,0.1117954138741265,-0.0021773286467569,-7.830012342472913e-05,0.0151178420863363,-0.020558836691249,-0.0337439155068671,-0.0151861508586934,0.0083221221569703,0.0383854540050623,-0.0143691808655517,0.0041127427897941,-0.0015901597993876,-0.0124873945981151,-0.012228391232946,-0.002141825234361,-0.0097439000781554,0.0008607676803481,0.0285402624840536,-0.0036565607099726,-0.0150616701792248,0.0113443654998373,0.0159179730193493,0.0170038821499109,0.0591672403172441,-0.01080853056302,-0.0073457128192334,0.0008198297892695,-0.0097249765370768,0.0112142289930329,0.0148832086254782,0.0335212560237866,0.0337197667060873,0.0012177522260467,-0.0246585664933409,-0.0244676223797227,0.0585251960608353,-0.0130692725289248,-0.0206437740269906,0.0598852207541576,0.0480330888457208,-0.0112475542151545,-0.0034350230879492,-0.01103231715376,0.0277843387813053,0.0459925010621224,0.0128698968066274,0.0422083437828234,-0.0222019005619686,0.0108310243610671,-0.0129876798472498,-0.0290229733163456,-5.347554433362861e-05,-0.010209005697189,0.0002302601724813,-0.0151955331859337,-0.0248047608810682,-0.0296226152942741,-0.0094399152484227,0.0059006538321265,-0.0082549643487959,0.0103810037566834,-0.0166763711901369,-0.0043201052786381,-0.0125599865017906,0.0110885547920771,-0.0119686759510972,-0.0390882305697017,0.0125902405209854,0.0099789955496133,-0.0044524083993445,0.0112802395964147,0.000440669187242,0.0016138990237534,0.006878631792829,0.0123854862745788,0.0092374723925605,0.0100294392524318,-0.0104647272383652,-0.0069787298460721,-0.0148429225135606,0.028587669872644,-0.0026485084497074,-0.0226229145284445,0.008000503142758,0.0114217834604119,-0.0036186235084545,0.0410855027208189,-0.0108866535239459,-0.0213449739321841,-0.0230465697164415,0.0001218544659607,-0.0073546550857306,-0.0105982575852631,-0.000857024129495,0.0024540901289627,-0.0023080223443561,0.0158775747783566,0.018124989746113,0.0194804288824734,-0.0047176933360407,-0.0100008701608461,-0.0108605237195703,-0.0075120876994227,-0.0234758770210148,0.0040570118966574,0.0029281916433865,0.0261760509579516
7,0.1708273260618104,0.0109145627416849,0.0416426228692867,-0.0045216391215241,0.0245840360823336,0.0082406870437525,1.0,0.1725915156851927,0.024576110820454,0.0641993003681353,0.0457313845812346,-0.0245887214696911,-0.0133076105564905,0.0479573807861887,0.0483321769525562,0.0036017450222799,0.0128438293181516,0.0076480396401716,0.0072576496619675,0.008922426554222,-0.02536326388166,0.0056888841134685,0.0157189635859642,-0.0163856006849109,0.0035268303652151,-0.0104498195460945,0.0168524801167456,0.0104046718340717,0.0014720713504647,-0.0090603638238568,0.0072378055024131,-0.0007666029335538,0.0076763765904597,0.0019596166258621,-0.0022100044157461,0.0134971467673965,9.411682429097272e-05,-0.0113693883699187,-0.0207355723953354,0.0158160794500075,-0.0126544703016097,0.0044137176146832,0.010924551802763,0.0025700232598781,-0.014978857131778,0.0038580816833651,-0.0215139366784087,-0.0066283334773709,0.0008612628315561,-0.0150397412874389,-0.0064888075948827,0.027937904848912,0.0024491279261664,0.0034258263255667,0.021771646897679,0.0058072190232671,-0.0067241225424551,-0.0124611750501569,0.0040656184924117,-0.0038097194202177,-0.0234288635916935,-0.0095442846949802,0.0077136052918947,-0.0108031853976813,-0.019394199645715,-0.0175270234998898,-0.0039696330100145,0.0058548608039889,0.0135897807000804,0.0161008490385931,-0.0016785003415013,-0.008925324243829,-0.0113815397260831,0.0093665584883153,0.0157703652988917,0.0149276392900451,0.0009371247038727,0.0044241578093205,0.0073172513497394,-0.0141153120972856,0.0002673482812125,-0.0048680248878165,0.0198795583291586,-0.0086297109635119,0.0090720811901278,-0.0143310256913383,0.0055424290874335,0.0156778592118895,0.0170471334248664,0.012948922316643,-0.0017225490079675,0.0021197065535807,-0.0158504408226058,0.0066612986048226,0.0097714966642271,0.0108739419514762,0.0211577202472097,-0.0047133503725925,0.0193182548468255,-0.0048778950360678,0.0006500881961947,-0.006663169053807,0.0019995047320677,-0.0072196603849128,-0.0149571882353798,0.0093192584963268,0.0054793399716748,0.0193463402289679,-0.0021795697654188,-0.0004497571134404,-0.0072967706647323,-0.0091886737382697,-0.0113693987242439,0.0084030480288289,0.0136207155551862,-0.0339453401360128,0.0161322073609159,0.0459498369692222,-0.0041948469475148,0.0023114306518088,-0.0013224392380049,-0.0121079924958214
8,0.0289689861231303,0.0700419260553978,0.045169244881756,0.2035249591738759,0.002491317444779,0.0027964134887197,0.1725915156851927,1.0,0.0149855557591924,0.0446621200390006,0.0185865924452534,0.0095464665040277,0.0327180500690717,0.0200211741177257,0.0374636177815346,0.0487304210295737,0.0031176059887916,0.0133169562901019,0.0088517560624433,-0.001700301011693,-0.0124726083542764,-0.0252198665570052,0.0157620763663227,0.0097515505963007,0.0110822975540084,0.0063044145059527,-0.008255905777634,0.0194908553134993,0.0206881908320393,0.0265507590973621,0.0188691537355086,0.0133402171526593,-0.0028875898131825,-0.0110463523687165,-0.003220863036103,0.0249167059318559,-0.0332825496736847,0.0238782970289612,0.0054573192838399,0.0162970439050005,-0.0063988968835622,0.0043593240209144,-0.0042999293500556,0.0084683966481757,-0.0102491437121548,0.0158895822819589,-0.0207548301728751,0.0031296345296083,0.0019957744216974,-0.0192818449393893,0.0028955070562876,-0.0076260792702715,-0.0091230006797571,-0.0028494351752534,0.0163180966206009,0.0017517562657008,-0.0245900958176304,-0.01249179750517,0.0060245973805095,0.0112372336242698,0.0082056514284356,-0.0220152560916603,-0.0067447300920429,0.0037274383947428,-0.016960895087411,0.0235349595783998,-0.0210225135830383,0.0370257164325987,0.0220252282335095,0.0172245154822661,0.0070140190722889,-0.0011936753366166,0.005590917591485,0.0126467341076248,-0.0205413120810137,0.0419848853094254,0.0087072588633922,0.034953145355999,0.0125772937279817,-0.0076235621705211,-0.009491121987539,-0.0123857966078256,-0.0118033600913155,-0.0082249280690918,-0.0093791643919641,-0.0005851215913083,0.0208545784411623,-0.0280196195276884,0.008878617686345,-0.0199373570221875,0.0224409732166997,-0.0056993366062498,-0.0025476848372924,0.0226217910832795,-0.0067892515548642,0.0163222352965632,-0.0168692171946243,0.0081069093753759,-0.0122691820122903,-0.002752335245494,-0.0058406548251993,3.757607451734032e-05,0.0204459951825312,0.0062198282274828,-0.0009693484060697,-9.535024886604596e-05,-0.0107375497938283,-0.0417559760753453,0.0095277366432241,-0.0128502536004304,-0.033928601596695,-0.0157539598896942,-0.008890720276669,-0.0124683925824586,0.0010239821486324,0.0003588109906817,-0.0257928252047732,0.0100564308724814,-0.0299267759539727,-0.0226432252868378,0.0041135843965943,-0.0088977672250504
9,0.0158829299196558,0.085828928816451,0.1121635159660339,-0.0037568295188678,-0.0217203559891014,0.0214705594546893,0.024576110820454,0.0149855557591924,1.0,0.0800241516029739,0.1220426200188903,0.0211771684502111,0.0591813025742329,0.0119501800268581,0.0207066938052271,0.1060727641834297,-0.0171616150714475,0.0241905264627813,0.0128445889337431,0.006206026529378,-0.0008919804429404,0.0017035691489935,0.0057689595426896,-0.0215856430033783,-0.0011358731700362,-0.0030897861910755,-0.0123587018603209,-0.0025833935882482,0.0086707962528473,-0.0118904882744538,-0.0025586405306273,-0.0117567042500174,-0.0097545047381331,-0.010287021809149,-0.0054434714169946,-0.0180899994742214,0.021980474994889,-0.002050725435281,-0.0187400832007346,-0.0125297262612004,-0.0038240340464627,0.0122578699617462,0.0417467739754633,0.0069927778717804,0.0033318466084077,-0.0173500160339137,-0.0054345894874317,0.0226946774193874,0.0067935074958977,0.0063783836580307,0.0313787640089815,0.020359994102523,0.0164084191986102,0.0020606752253013,0.0053858023115737,0.0127154277580812,-0.0077242127303839,0.0121102377055491,0.0042566360611922,-0.008420785194163,0.0150313314218483,0.0097957406419857,0.0198735850587215,-0.001091771899198,-0.0038593181581115,0.0262802121010857,0.0056687411423029,-0.0084828449833222,0.0031081921251324,0.0177086792614553,-0.0039833456568724,-0.0096831791070355,-0.0230072433213052,0.0123234995272522,-0.0336851885727598,-0.0156849456427832,0.0039729406970355,0.0062933203996909,-5.161235029032575e-05,0.0032622943305842,-0.0142816105008466,-0.0031864143315778,-0.0083401461207787,0.0061072470279916,-0.0076368606214826,0.0157728245704093,0.0065709049715208,0.0080032548205618,-0.0335706310912402,-0.0170431096105899,0.0010435773187793,0.0101344649297283,-0.0046164110331495,-0.0020431980088072,-0.0037140833902138,-0.0399796349006831,0.0008339950398148,-0.0122412371895113,0.0070216772802817,0.0097657150514809,0.0177531786004251,0.0013387569341579,-0.0121849428131396,-0.0144656123657165,0.003611692266543,0.0076997964532745,0.0044935609682529,0.0084944816333637,0.0022892008554912,-0.0261010989684246,-0.0123758177790727,-0.0174309275513883,0.0197868276450701,-0.0001854832218186,-0.0158859451634085,0.000974347056148,-0.0072304414339127,-0.0064119747539964,-0.0239481605526682,0.0018877702860997,-0.0067198862377033,-0.0027919162756932
10,0.1309807018961913,-0.0182484923287625,0.1571285810495417,0.019182104550686,0.0422910222406623,0.1404672154786498,0.0641993003681353,0.0446621200390006,0.0800241516029739,1.0,-0.0049359144758357,0.0314401918371937,0.1111580097454498,-0.0006160681015177,0.0084765553751746,0.0325051512583188,-0.0236942545708269,-0.0141914196634195,-0.0358037920171696,0.0388607678503305,-0.0132167960186931,0.020487231844016,0.0206861956611708,0.0076207641683184,-0.0169818453480164,0.0108338375813955,0.0057437346961203,-0.0085009568334064,-0.0009146734113953,-0.0174062132220718,0.016766742741371,-0.0037681305452165,0.0185150678788538,-0.0342082967262141,0.0350590818395087,0.0229414517516127,0.0471025023276431,-0.0076899959858717,0.0095547495776941,-0.0301991906571466,0.021339047999677,0.0449143475686072,0.005998868054376,0.0241811505677062,0.005411016559601,-0.0164509466449504,0.0667437576382213,0.0104944850560507,-0.011808668209801,-0.0052077248468336,0.0010791031037316,-0.042168173131591,-0.004830907480791,0.0289685978695791,-0.011101126818038,0.0047486559856678,0.0063608486110953,0.0152190212884906,0.020086938358388,0.0455617176459281,-0.0106064664385717,0.0331446662770094,0.0037417296057456,-0.0254683063765953,-0.0057627671187866,-0.009410944268931,0.0169740947320134,0.0100092051056659,-0.0004137192362223,-0.0081546460241412,0.0226201924569383,-0.0031732317647452,0.0057276964985257,0.0099159756312599,0.0041163478179074,-0.0041632748116757,0.0120154588496805,0.0203026148402846,-0.0310233850217426,-0.0117775558370906,0.0148447528036607,-0.0140590719977814,0.0122046817350966,-0.0013275413431375,-0.01032797026453,-0.0205765797663184,-0.0185668555614018,-0.002575801218563,-0.0248391235649862,0.0184924580033122,-0.0217931716975024,-0.007360679650844,-0.0178321155322606,-0.0159294127534865,-0.0206127872179368,0.011100978589497,-0.0065245857063718,-0.022351247852831,-0.0117993697197586,-0.0003147895501856,0.0015495614067916,0.0329210108784223,0.0001683958719098,0.0021428067706685,-0.0139127752345253,-0.0120642623549913,-0.0063286168559872,0.0309714937722579,0.0202382632161952,0.0019240324661702,-0.0172533101129002,-0.0052430559829587,0.0185624232806492,-0.0055315044974116,0.0133988147070442,-0.0017834925422816,0.018506336321409,-0.0004210298236632,-0.0238406777769217,-0.007810607795592,-0.0080024492589043,-0.002898974977016
11,0.0196512996173303,0.145604456385278,-0.0007644339347536,0.0418903974620636,0.02066530965329,0.0146103771115249,0.0457313845812346,0.0185865924452534,0.1220426200188903,-0.0049359144758357,1.0,0.0136915322945932,-5.404250380535732e-05,0.0165298500917886,-0.0039525829236203,0.0267294709665375,-0.0033290028583954,-0.0011827479535938,-0.0027207131467032,-0.0204762606730727,-0.0151384865042395,0.0073072512462032,-0.0145692576921115,-0.0013548840754351,-0.0101420035746647,0.0099298910567544,-0.0208244269603511,0.0235872906380174,-0.0072022687883625,0.0066084834618,-0.0131092727477662,-0.0031996825212621,-0.0002644195608954,-0.008213963064904,0.006776565983685,0.0146918872855493,0.037592309891414,0.0004797681528403,-0.0058487866419036,0.0023566854770856,-0.0002714057170372,0.0139026699699716,0.0111476567595079,-0.011868995028325,-0.0048351693481457,-0.0111971179576233,0.0052632046209604,0.0064807498006939,-0.0046880713856139,-0.0047866582629678,-0.0006613096886847,-0.0175890142540732,-0.002409040602699,0.0145808873632927,0.0244271737945809,-0.0036319994603225,0.004229539434111,0.0156586867381013,-0.0085640603565128,-0.0027246286004267,-0.0007823484757939,0.0003970701602458,-0.0036834826075862,-0.0035420917750383,-0.0118095212594134,-0.0080216758475396,0.0176183041112373,0.0055668623689644,-0.0091909246335048,-0.0219320682733075,-0.0028266825019819,0.0035375591959112,-0.0053057512445639,0.0201886584440804,-0.0236148781136493,0.0350774503944351,0.0093890884562472,-0.0104848394682236,0.014596521542024,0.0149212138609886,0.0019802959674893,0.0069344397924674,-0.0074549081836278,0.0099041310212203,-0.0041928067099845,0.0250898867475729,-0.0087213686766622,-0.0179681957632414,0.0209517128650082,-0.0119376513825015,-0.0033626076309765,0.008095150292229,-0.0008273385897374,-0.0041125548254871,-0.0136734703779985,-0.0036587787975162,5.936029317673979e-05,0.0057555627954913,0.0183389358347149,-0.0120794230774319,0.0142150825194162,0.0188790582470516,-0.0011557621986643,0.0096708210250967,0.0049320266421416,0.0173500115347314,0.0192618311467551,-0.0148584316968422,-0.0234106782109799,0.0008258203728982,0.0003920153918789,0.0124772754638558,0.0026845552345407,-0.019631616111546,0.0019840521858365,0.0177088513704942,-0.0005646958540635,0.0115305373159676,-0.0102295832349919,-0.019154508130711,-0.001796048300071,0.0041510352246463
12,0.0032290387653934,0.0656915934599964,0.0101967641132725,0.0283590275438003,-0.0135090465062846,0.0454837935869168,-0.0245887214696911,0.0095464665040277,0.0211771684502111,0.0314401918371937,0.0136915322945932,1.0,0.1685029587928184,0.0237518490782043,-0.018339885927965,0.0375742560739684,0.0146174480801782,0.0423236393510865,0.0193814796847961,0.0123597366614049,-0.000823664597742,0.0104636098616684,0.0169438866391114,-0.0061504361810723,-0.0202244357701901,-0.0045310067231944,-0.0002691593227472,-0.0037505647379432,0.0058843728282664,-0.0212424742198291,0.0264471462890282,0.0909958880071867,-0.0010883351241013,-0.0191382604838413,-0.0164676233608289,-0.0176165448665346,-0.0099043237036222,0.0079397067769225,0.0044367366315485,-0.0246128514624737,0.0116025923058113,0.0188758889763699,-0.0008109753119333,-0.0081273361642064,-0.0026498864539207,0.0142254585084476,0.0144929430941064,0.0466527134111487,-0.0188215712313024,-0.0085754142512254,0.0786033634188836,0.0206029533640246,-0.0054813971323275,0.0011281353592181,0.0001719470478575,-0.0150337122018744,-0.0079990494487239,-0.0291713609125018,-0.0145612717337431,-0.008550134429885,-0.0009231704975598,-0.0066273132430184,0.0025459895296986,0.0052206059254832,-0.0280138738100812,-0.0184695974048177,0.0211867002673194,-0.0445792010787317,-0.0061020771008325,-0.0189292542735164,-0.0237728214578842,-0.0031757258768163,-0.0095403486437677,0.0184907337428629,0.0162458311188499,0.0074923801695865,-0.0184805934529198,0.0078239964969462,-0.0049879416620513,-0.0037634893366543,0.0058655526086764,-0.0123372690239706,0.0211616341935078,0.002412963132062,-0.0121063651908609,-0.0240211049087269,0.0161784375889575,-0.0180591253606128,-0.0137461925155555,0.0223762295053309,-0.0110623968934113,0.0135339793270192,0.017989900538546,-0.0003369122311585,-0.0074079500307988,-0.0009041546204758,-0.0043647249627122,0.0027742133195998,-0.0003496453856924,0.0083849139214251,-0.0143552210443119,-0.0079218230533947,-0.0148128466074,-0.0102629862582676,0.0093047643680751,0.0358681362920068,0.0255448290602733,-0.0062280291218144,-0.0141067671468349,0.0491204397528793,0.0092422823747911,0.00310097660178,0.0775427444489568,0.0316089357109293,-0.0248082764766813,-0.0260348274757181,0.0166716544611176,0.1493363996261414,0.010292807820516,0.028760026033932,-0.0168707471615743,0.0333530378297053
13,0.0560302791122862,0.0180272524451919,0.1165027638801555,0.0483432047055132,0.036981984535283,0.0486754584767752,-0.0133076105564905,0.0327180500690717,0.0591813025742329,0.1111580097454498,-5.404250380535732e-05,0.1685029587928184,1.0,0.1156493687784587,-0.0096473159067413,0.0989381903504754,0.0036751524140404,0.0121647443944388,0.0068952339951248,-0.0034115560579895,-0.0013745159336401,0.0096320252472262,-0.0014337229075945,0.0078244409838462,0.0048999396752887,0.0003835621467918,-0.025100475426988,-0.0054312663498612,0.0002720739273554,-0.0060321746458658,-0.0007862434405744,0.0676773511700657,-0.0127348366347427,-0.0037740805573984,-0.0153281576321445,-0.0107224609742652,-0.0036364480061354,0.0010438231422006,0.0138686937205618,-0.0222501975939227,0.0007754251183833,0.0083704431129881,0.0193628743247224,-0.0047362558682937,0.0406735073406358,0.0122615490254358,0.0285739778630374,0.0458814351095193,0.0039370142466494,0.005179363283907,0.0448901371463035,0.0102063900553645,0.009376048199308,0.0016300292836331,-0.0091401250055272,-0.0028592374381968,-0.0023442252093685,0.0020975652997953,-0.0006465255209646,0.0013178286702463,0.0140881864571244,0.0062050741397404,-0.0202059208682549,-0.0035216429564543,0.0233697377239115,0.0015536902587186,-0.0108022677206349,-0.021748985526975,0.0091200239368146,0.0110374858761207,-0.0003084688672499,-0.0132713789611212,-8.358852454644534e-05,0.0155441515430184,0.0340216638647649,0.0106802394942836,-0.0154792858688188,0.0068613882144271,-0.0079397183826073,-0.0008003127990966,-0.0209020053621894,-0.0326208785801897,0.0069290529132223,-0.0171001217339195,0.0091501342978278,-0.0230585291058928,-0.0027780066019418,-0.0179047255649525,0.0145143294811324,0.0150978601927496,0.0058928038005351,-0.0132632691029623,0.0009416254691669,-0.0198849135235992,0.0053637911317007,0.0066143990469096,0.0075807254233713,-0.0219143521036286,-0.0080677292819485,0.0310159694394781,0.0018414096493421,0.0100023868493226,0.0044972746421586,-0.0061480857122228,0.0040701408722268,-0.0023310985889572,0.0048257582901148,0.0099711132336258,-0.0121852701258639,0.0186152204541129,0.0219912380992381,-0.0045414401323394,0.0700282847150676,-0.015597908815252,-0.006937793820319,-0.0012825130253132,0.0090339432724043,0.0078953902445571,-0.0207795628437648,0.0083352737453706,0.0042837471741139,0.0341353458841235
14,0.0407684567155417,0.0280200694464567,0.0385336412276291,0.0092407573501525,0.2040147804106631,-0.0085824996072349,0.0479573807861887,0.0200211741177257,0.0119501800268581,-0.0006160681015177,0.0165298500917886,0.0237518490782043,0.1156493687784587,1.0,0.2012545933984394,0.0022813956912169,0.0073698330012529,0.0131619510852963,0.0117803511531687,0.0023793261067294,0.0055770525060305,0.0016102397877446,0.0131896967597788,0.0146660120917762,-0.0145490009738066,0.0002747131288489,0.0086543545813821,0.0004460329230081,-0.0171278036652843,0.0062637031965603,0.0050298819400093,-0.0060805348064916,-0.0088681597029186,0.0138130841259352,-0.0266356961824158,-0.0015042042954988,0.0072118869225547,-0.0261642129093915,0.0147229689132148,-0.0129301433624272,0.0171190986085579,-0.0093369822600044,-0.0145160991917677,-0.0065693921511195,-0.020987103264696,0.0174873304700321,-0.0035088199356079,-0.0144918338501117,0.0205333998734813,-0.0081210737971603,0.0154838811553963,0.0122417652397076,-0.0174155708723617,-0.0177295901609571,-0.010412020248574,0.0028861892057307,0.0100336512827422,-0.0001325135110727,0.0084277564307246,-0.0113400309733036,0.0073955047891026,0.0042067283269644,-0.0186941930208722,-0.0072557607024774,0.0069006705949531,-0.0033816288294325,0.0111038732267374,-0.0129468086508737,-0.0201182182402493,0.0040684744552786,0.0108902611833217,-0.0184509974186627,-0.0136782530926551,-0.0397903608690751,0.0255129466164172,-0.0130653354343648,-3.332527128575746e-05,0.0080670783964194,0.0125590465302747,-0.0122261831416121,-0.0101291209007542,-0.0252182832307741,-0.0128819854696044,0.0301222940651997,0.0316722723411716,0.0186560108415108,-0.0067370416482806,0.0176125583394582,0.0314472199791634,0.0134694320143177,-0.0252643754374909,-0.0127984878582019,-0.0099244090481995,1.1322077369439656e-05,0.0313160633266184,0.0155589989564661,7.15156237822822e-05,-0.0126517442804529,0.0220167492571619,0.0114177602146733,0.0024677498009768,0.0153422941188049,-0.0152648480333572,0.0035430899205545,0.0306441586130023,0.0152962950021921,-0.0257594930314286,-0.0012724661441693,0.0142205037532785,-0.0087782387116588,0.0018394092583224,-0.0090459797455475,0.0173270176352087,0.0075305258081371,-0.0200444180947189,-0.0246339901144061,-0.008254169692801,-0.0151920260757961,0.0109429365357099,0.1133013996362568,0.0035943469499936,0.0544025168625856
15,0.0220005177585045,0.0025171463769537,-0.0214338830488211,0.0056749760283524,0.1038425378615883,0.0152754903477011,0.0483321769525562,0.0374636177815346,0.0207066938052271,0.0084765553751746,-0.0039525829236203,-0.018339885927965,-0.0096473159067413,0.2012545933984394,1.0,-0.0010034834445335,-0.0168159781608219,-0.0356464594784632,-0.0015884666411656,0.0061836909999479,0.0108891947629992,0.0110041565060718,-0.0043471437017241,-0.0039631575919795,-0.0004583509909081,0.0062936831058275,0.0023164969938146,-0.0121228020967484,0.0053281052216817,0.0107298008663913,-0.0166500376939972,-0.013467941761602,-0.014911027204686,0.0042343945866104,0.0109375221960668,0.0014107281936337,0.0195695814106893,-0.0294791916009449,-0.0217906845308778,-0.0031349332574334,0.0337406840934921,0.0052317020291353,0.0018995665324133,0.0037235750067883,-0.0273275845697482,-0.0153501518619786,-0.0055939685449162,0.0112864378903776,-0.0048704575803249,-0.0117465695667905,0.0289711221176992,-0.023378731490736,-0.0032302140602347,0.0087187204845211,0.0194608618826676,-0.034185751320511,0.0042500081618206,0.0044712533196943,-0.0059939966792457,0.0056083469739509,-0.0149472225894468,0.0113746511981551,-0.0081792443015141,0.0193754503552608,-0.0015303074362596,-0.0169726230871833,-0.0009794280736098,0.1193606205445034,-0.0047306875062668,0.0073595695782122,-0.0195604715679013,0.0164138978598977,0.0147643992131468,-0.0231852209589039,-0.0004460313514466,0.0132639202223519,0.018862395791256,0.1846792836495421,-0.0152880909878599,0.0200946327147943,0.0233258510622962,0.0257316590918833,0.0128593326386002,-0.0024965093553553,-0.0114183887062807,0.0057368759240534,0.0337493761218399,-0.0060758743264093,-0.0033043935052352,0.016729123369314,0.0434556954201023,-0.0003148914332397,0.0071068480905518,-0.0005789823341194,0.001221925163496,0.0240096586300162,-0.0102966993920414,-0.0014163028211097,-0.0055761529690553,0.0028466943551638,-0.0200314036854545,0.0006768471134684,0.0273750898373576,-0.0009016706868762,-0.0218524155343391,-0.0145906346051241,-0.0151041427325427,-0.0086149957330379,0.0047375162330093,0.001771414116739,-0.0184540217126936,-0.0187280201778758,0.007862463200457,-0.0242254426700598,0.0128873694686744,0.0063168045198253,0.0094000814973347,-0.0185795477204739,0.0088480451778697,0.0419062598335575,0.005709342875903,0.0291606336263082
16,0.017462766059411,0.0345621895687629,0.1669659451612016,-0.0104877961457958,0.034231855387494,0.1117954138741265,0.0036017450222799,0.0487304210295737,0.1060727641834297,0.0325051512583188,0.0267294709665375,0.0375742560739684,0.0989381903504754,0.0022813956912169,-0.0010034834445335,1.0,0.001574251515948,0.0003959175522586,-0.0106525029353587,0.0032640248230652,-0.0312216547697348,0.0017278285436865,-0.0187757424768856,0.0261136585929374,0.0779080570194566,0.0043296380052686,0.0214368500360768,-0.0069314422150492,0.0194591163883066,-0.0070159142430247,0.0264760382303762,0.0154454736612027,0.0036465287685318,0.0075433134528393,-0.0184521044815823,-0.0049824679933331,-0.0044657014451207,0.0119498439869268,-0.0088563261434821,0.0161734519893615,0.0044535650775178,-0.025533265377868,0.0083891732395859,-0.0143831662507967,0.0103955848737909,-0.019909544446068,-0.0348326766623968,0.0141495992197582,-0.0184920231836929,0.0143873110527459,0.0396901441617445,0.0072182087751562,0.0201572042674398,-0.0096224206784094,-0.0147326408713505,0.0036596665897401,-0.0009372705992457,-0.0058920536777258,0.004785815205409,-0.0139608399866302,0.0618182102009794,-0.0252627467104081,-0.0025113868008414,0.0249724368229181,0.0320103710155419,0.026744057775703,0.0138092113950398,-0.0187539561731523,0.0013037190481947,0.0245168635627033,-0.0038641202635399,-0.0019844781839103,-0.0033020145563987,0.0142919932920925,0.0170793795032928,0.0033592254881407,-0.0084505404373704,-0.0062991475218599,-0.0205909011463257,-0.0136695006128824,0.01295481120713,-0.0128048937573791,0.0110661839994191,0.0051911714963891,-0.0062860549311416,0.0016689203312601,-0.0198308164437752,-0.0027146491891055,-0.0194462546963521,0.0362652960237044,-0.0123365943186584,-0.0078793392979796,-0.0015127167609008,-0.014356043859802,0.0123177777845742,-0.0004025318413882,0.0307630251166713,-0.0014109986843963,0.0042687611034489,0.0086967467886739,-0.033661424659669,0.0073124215149862,-0.0016600793061397,-4.282616894895426e-05,0.0087703594672487,-0.0139490147311009,0.0016149025675639,-0.0269360872991596,0.0160389094666673,-0.0039743030556281,-0.0083478505736834,-0.0010506867157321,0.0123880813054003,-0.0041159001499787,-0.0023099718825691,0.0042088733957807,0.0029712646391059,0.0172425973098694,-0.0080609910292976,-0.000394301361648,-0.0049468227156957,-0.0009118089738125
